10
0
1111111111
1111111111
1111111111
1111111111
1111111111
1111111111
1111111111
1111111111
1111111111
1111111111
1
1000000001
0000000000
0000000000
0000000000
0000000000
0000000000
0000000000
0000000000
0000000000
1000000001
3
0000000000
0000000000
0000000000
0000000000
0000000000
0000000000
0000000000
0000000000
0000000000
0000000000
0
1010101010
0101010101
1010101010
0101010101
1010101010
0101010101
1010101010
0101010101
1010101010
0101010101
1
0111111110
1000000001
1000000001
1000000001
1000000001
1000000001
1000000001
1000000001
1000000001
0111111110
1
0111111110
1011111101
1100000011
1100000011
1100000011
1100000011
1100000011
1100000011
1011111101
0111111110
1
0100000010
1000000001
0001111000
0010000100
0010000100
0010000100
0010000100
0001111000
1000000001
0100000010
1
0000000000
0000110000
0001111000
0010110100
0111001110
0111001110
0010110100
0001111000
0000110000
0000000000
1
0000000000
0001001000
0000000000
0100000010
0000000000
0000000000
0100000010
0000000000
0001001000
0000000000
1
0000000000
0000000000
0000000000
0000000000
0000000000
0000000000
0000000000
0000000000
0000000000
0000000000
0
1110110101
1000010111
1001010010
1010011110
0001001111
0111110001
1011100000
1101111100
0001011101
0111110001
1
1100110101
1011010101
1000010000
0111010000
0000000001
0100011101
1000000000
1100000110
1000000100
0011010010
1
1111110000
1011010000
1000010000
0110100000
0100110010
0000001010
1000000000
1100000110
1010001100
0000000000
1
1000010000
1000011000
1000010000
1111100000
0111110100
0000010100
1100000010
1000001110
1000001110
0000000000
1
0000011000
1100111000
1011011000
1000001000
1000010000
1001010110
1100000010
1000001001
0000001010
0000000100
1
0000101000
1111000100
1011000100
1000101000
1100110100
1000101110
1100001011
1100000011
0000001010
0000000100
1
0111000000
1000101100
1000101100
1010101100
1101100010
0000100001
0000011000
1100000000
0000000011
0000000100
1
0111000000
1010101100
1000100010
1010101010
1110100110
0001100000
0000010000
0000000000
0000000010
0000000010
1
0111000000
1010110100
1000101010
1010100011
1010100110
0111110000
0000100000
0000000000
0000000000
0000000000
1
0111100000
1010111100
1000101011
1000100001
1000000111
0110010000
0010110000
0000000000
0000000000
0000000000
1
0110101000
1010001110
1000101011
1100010000
1000000011
0111111010
0111110000
0000000000
0000000000
0000000000
1
0111011000
1010001011
1000001011
1100010100
1001001111
1000001111
0100001000
0011100000
0000000000
0000000000
1
0111011100
1011001011
1000011001
1100010000
1000010001
1100010001
0111011010
0011000000
0001000000
0000000000
1
0101111110
1001000011
1010111111
1100110000
0000111000
1000010011
1001011000
0100000000
0011000000
0000000000
1
0011111111
1000000000
1010001101
1100000010
1100001000
0000000100
1100111000
0101100000
0010000000
0000000000
1
0001111110
0010100001
1000000110
0010001010
1100000100
0000000100
1111111000
1101100000
0011000000
0000000000
1
0001111110
0000100001
0101000111
1000001010
0100001110
0001110100
1000011000
1000000000
0111100000
0000000000
1
0001111110
0010000001
0000000101
1110001000
0000100010
0000100010
0000011000
1011110000
0111000000
0011000000
1
0001111110
0001110001
0010000010
0100000110
0101010100
0000100100
0000001000
0000011000
0000000000
0101000000
1
0001001110
0010000001
0011100111
0100001110
0010100100
0000110100
0000001100
0000011000
0000000000
0000000000
1
0000000110
0010101001
0111001001
0100111001
0001100000
0001110110
0000100100
0000011100
0000000000
0000000000
